1760627099494 0.6990486979484558 1
1760627099988 0.6990486979484558 1
1760627132513 0.707291305065155 2
1760627133021 0.707291305065155 2
1760627165718 0.741402268409729 3
1760627166230 0.741402268409729 3
1760627199270 0.7422375082969666 4
1760627199778 0.7422375082969666 4
1760627232663 0.78368079662323 5
1760627233179 0.78368079662323 5
1760627266314 0.7941391468048096 6
1760627266838 0.7941391468048096 6
1760627300303 0.7718570232391357 7
1760627300826 0.7718570232391357 7
1760627334301 0.7940940856933594 8
1760627334831 0.7940940856933594 8
1760627368696 0.7896726727485657 9
1760627369238 0.7896726727485657 9
1760627403040 0.7701414227485657 10
1760627403560 0.7701414227485657 10
