1760626688310 0.7129831314086914 1
1760626688847 0.7129831314086914 1
1760626723649 0.7015594840049744 2
1760626724178 0.7015594840049744 2
1760626758492 0.7217209339141846 3
1760626759028 0.7217209339141846 3
1760626794304 0.7363356351852417 4
1760626794863 0.7363356351852417 4
1760626829829 0.6820482611656189 5
1760626830384 0.6820482611656189 5
1760626865837 0.7727372646331787 6
1760626866415 0.7727372646331787 6
1760626902001 0.7912431955337524 7
1760626902585 0.7912431955337524 7
1760626938477 0.7213758230209351 8
1760626939022 0.7213758230209351 8
1760626974348 0.6560399532318115 9
1760626974870 0.6560399532318115 9
1760627008705 0.7599632143974304 10
1760627009250 0.7599632143974304 10
