1760627710788 0.788767397403717 1
1760627711309 0.788767397403717 1
1760627744140 0.8085086941719055 2
1760627744668 0.8085086941719055 2
1760627777703 0.80462247133255 3
1760627778237 0.80462247133255 3
1760627811514 0.809839129447937 4
1760627812048 0.809839129447937 4
1760627845253 0.7881271839141846 5
1760627845787 0.7881271839141846 5
1760627880098 0.7911281585693359 6
1760627880628 0.7911281585693359 6
1760627915689 0.7472891211509705 7
1760627916210 0.7472891211509705 7
1760627950168 0.7984054684638977 8
1760627950691 0.7984054684638977 8
1760627984787 0.6677786707878113 9
1760627985331 0.6677786707878113 9
1760628019483 0.8209776878356934 10
1760628020010 0.8209776878356934 10
